 Calibration successful
[INFO] [1723652276.755051]: Camera matrix:
[[ 348.51586978    0.          313.12391785]
 [   0.          268.74957048  239.79447344]
 [   0.            0.            1.        ]]
[INFO] [1723652276.761311]: Distortion coefficients:
[[-0.00405021  0.1057054  -0.00769138  0.00024857 -0.14663656]]
[INFO] [1723652276.769067]: Rotation vectors:
[array([[-0.45583529],
       [ 0.00860901],
       [-0.00489668]]), array([[-0.36414196],
       [-0.35125759],
       [-1.54578827]]), array([[-0.36437283],
       [-0.35088707],
       [-1.54590983]]), array([[-0.36479906],
       [-0.35095918],
       [-1.54588193]]), array([[-0.36454548],
       [-0.35074504],
       [-1.54577636]]), array([[-0.36432493],
       [-0.35113312],
       [-1.54579887]]), array([[-0.36461605],
       [-0.35085845],
       [-1.5459722 ]]), array([[-0.36477218],
       [-0.35011779],
       [-1.5462036 ]]), array([[-0.45605806],
       [ 0.00876464],
       [-0.00484216]]), array([[-0.45572378],
       [ 0.0085037 ],
       [-0.00480886]]), array([[-0.36456615],
       [-0.3510792 ],
       [-1.54585506]]), array([[-0.36461215],
       [-0.35101323],
       [-1.545902  ]]), array([[-0.36408214],
       [-0.35081127],
       [-1.54597467]]), array([[-0.36447954],
       [-0.35160044],
       [-1.54560773]]), array([[-0.45576957],
       [ 0.00885856],
       [-0.00489603]]), array([[-0.45626496],
       [ 0.00833116],
       [-0.00490498]]), array([[-0.36437914],
       [-0.35119198],
       [-1.54584884]]), array([[-0.4560571 ],
       [ 0.00849139],
       [-0.00482639]]), array([[-0.45576841],
       [ 0.00885021],
       [-0.00497921]]), array([[-0.36437848],
       [-0.35134282],
       [-1.54584321]])]
[INFO] [1723652276.776543]: Translation vectors:
[array([[-0.06172484],
       [ 0.06249848],
       [ 0.33638492]]), array([[-0.06132694],
       [ 0.17959255],
       [ 0.27891572]]), array([[-0.0613758 ],
       [ 0.17959575],
       [ 0.27895903]]), array([[-0.06136509],
       [ 0.17957897],
       [ 0.27896226]]), array([[-0.0613484 ],
       [ 0.17956691],
       [ 0.27895733]]), array([[-0.06135293],
       [ 0.17956332],
       [ 0.27892277]]), array([[-0.06134456],
       [ 0.17958887],
       [ 0.27895438]]), array([[-0.06135978],
       [ 0.1796305 ],
       [ 0.27901258]]), array([[-0.06171085],
       [ 0.06247535],
       [ 0.33639588]]), array([[-0.06171774],
       [ 0.06245923],
       [ 0.33636349]]), array([[-0.0613574 ],
       [ 0.17957367],
       [ 0.27892913]]), array([[-0.06134168],
       [ 0.17957677],
       [ 0.27893774]]), array([[-0.06134043],
       [ 0.17957653],
       [ 0.27894889]]), array([[-0.06133793],
       [ 0.17956034],
       [ 0.27889834]]), array([[-0.06169923],
       [ 0.06247726],
       [ 0.3363712 ]]), array([[-0.06168884],
       [ 0.06249136],
       [ 0.33636551]]), array([[-0.06135046],
       [ 0.1795668 ],
       [ 0.27892303]]), array([[-0.06171102],
       [ 0.06246669],
       [ 0.33637958]]), array([[-0.06172054],
       [ 0.0624819 ],
       [ 0.33639086]]), array([[-0.06136799],
       [ 0.1795575 ],
       [ 0.27891412]])]

